{
    "eta_sq_obs": 0.019549774125648414,
    "ci_lower": 0,
    "ci_upper": 0.04340217240264045,
    "eq_margin": 0.04928397164118886
}